kinematics:
  shoulder:
    x: 0
    y: 0
    z: 0.1624005867277094
    roll: -0
    pitch: 0
    yaw: -4.792734029090973e-09
  upper_arm:
    x: 6.247452881843083e-05
    y: 0
    z: 0
    roll: 1.57010604950708
    pitch: 0
    yaw: 4.816856229532552e-06
  forearm:
    x: -0.4252715074562913
    y: 0
    z: 0
    roll: 3.140388213847312
    pitch: 3.139100274398158
    yaw: 3.141591547347735
  wrist_1:
    x: -0.3923658637835833
    y: -0.0004654686599958082
    z: 0.1339760245660973
    roll: 0.003474254357803395
    pitch: -0.00204197819923145
    yaw: 5.915649627236875e-06
  wrist_2:
    x: 9.247847568935651e-05
    y: -0.09966171186464592
    z: 2.31726656267589e-05
    roll: 1.57056381357818
    pitch: 0
    yaw: -4.51599612576875e-07
  wrist_3:
    x: 0.0001405429629327957
    y: 0.09951111543749527
    z: 0.0002066442356319497
    roll: 1.572872918316263
    pitch: 3.141592653589793
    yaw: -3.141592634645195
  hash: calib_7207928039504090321