kinematics:
  shoulder:
    x: 0
    y: 0
    z: 0.1626056829318373
    roll: -0
    pitch: 0
    yaw: 3.518172660560426e-07
  upper_arm:
    x: 0.0002692657021878444
    y: 0
    z: 0
    roll: 1.57100550947653
    pitch: 0
    yaw: -1.5585562384651e-06
  forearm:
    x: -0.4252019503257801
    y: 0
    z: 0
    roll: 3.141545270260077
    pitch: 3.14149948004933
    yaw: 3.141578072837212
  wrist_1:
    x: -0.39235086183666
    y: -0.001142489131114726
    z: 0.133693436378415
    roll: 0.008545380778566055
    pitch: 0.001548677522076584
    yaw: 4.902474245511504e-06
  wrist_2:
    x: -4.202334103610673e-05
    y: -0.09934005592599028
    z: 0.0002390035563912127
    roll: 1.568390418191221
    pitch: 0
    yaw: 4.749288896599424e-07
  wrist_3:
    x: 5.2036750160883e-05
    y: 0.0996240141287285
    z: 0.0002790091641989211
    roll: 1.573596941056174
    pitch: 3.141592653589793
    yaw: -3.141592644211341
  hash: calib_10941949578363073227